2,17
4,35
4,35
4,35
4,35
4,35
4,35
6,52
8,7
10,87
10,87
13,04
15,22
17,39
17,39
19,57
21,74
23,91
23,91
23,91
23,91
23,91
23,91
23,91
23,91
26,09
26,09
28,26
30,43
32,61
32,61
34,78
34,78
34,78
34,78
36,96
39,13
39,13
39,13
41,3
41,3
41,3
41,3
43,48
45,65
45,65
45,65
47,83
47,83
50
50
50
50
50
50
52,17
54,35
54,35
56,52
56,52
58,7
58,7
58,7
60,87
60,87
60,87
60,87
63,04
65,22
67,39
69,57
71,74
71,74
73,91
73,91
76,09
78,26
78,26
78,26
80,43
82,61
82,61
82,61
82,61
82,61
82,61
82,61
82,61
84,78
86,96
86,96
89,13
91,3
93,48
93,48
93,48
95,65
97,83
97,83
100
