2,56
2,56
2,56
2,56
5,13
7,69
7,69
7,69
10,26
10,26
12,82
12,82
12,82
12,82
12,82
12,82
12,82
12,82
12,82
15,38
15,38
15,38
17,95
20,51
20,51
20,51
23,08
23,08
23,08
25,64
25,64
25,64
25,64
28,21
30,77
30,77
30,77
30,77
33,33
33,33
35,9
35,9
38,46
38,46
41,03
41,03
41,03
41,03
41,03
41,03
41,03
41,03
41,03
43,59
43,59
43,59
46,15
48,72
48,72
48,72
51,28
51,28
51,28
51,28
51,28
53,85
56,41
56,41
58,97
58,97
58,97
61,54
64,1
66,67
69,23
69,23
71,79
74,36
76,92
76,92
79,49
79,49
82,05
82,05
82,05
82,05
82,05
84,62
87,18
89,74
89,74
89,74
89,74
89,74
89,74
92,31
94,87
97,44
97,44
100
