0
0
1,85
3,7
5,56
7,41
9,26
9,26
9,26
9,26
11,11
11,11
11,11
11,11
12,96
12,96
12,96
12,96
14,81
16,67
18,52
20,37
22,22
24,07
25,93
25,93
27,78
27,78
27,78
27,78
29,63
29,63
31,48
33,33
35,19
35,19
35,19
37,04
38,89
38,89
40,74
42,59
44,44
44,44
44,44
46,3
48,15
48,15
50
50
51,85
53,7
55,56
57,41
59,26
59,26
59,26
61,11
61,11
62,96
62,96
64,81
66,67
66,67
68,52
70,37
72,22
72,22
72,22
72,22
72,22
72,22
74,07
74,07
75,93
75,93
75,93
77,78
79,63
79,63
79,63
81,48
83,33
85,19
87,04
88,89
90,74
92,59
92,59
92,59
94,44
94,44
94,44
94,44
96,3
98,15
98,15
98,15
100
100
