0
1,64
3,28
4,92
4,92
4,92
6,56
8,2
8,2
9,84
9,84
11,48
13,11
14,75
16,39
18,03
19,67
21,31
22,95
22,95
24,59
26,23
26,23
26,23
27,87
29,51
29,51
31,15
32,79
32,79
34,43
36,07
37,7
37,7
37,7
39,34
40,98
42,62
42,62
44,26
44,26
45,9
45,9
47,54
47,54
49,18
50,82
52,46
54,1
55,74
57,38
59,02
60,66
60,66
62,3
63,93
63,93
63,93
65,57
67,21
67,21
68,85
70,49
72,13
73,77
73,77
73,77
75,41
75,41
77,05
78,69
78,69
78,69
78,69
78,69
80,33
80,33
80,33
80,33
81,97
81,97
83,61
83,61
85,25
86,89
88,52
90,16
90,16
90,16
90,16
91,8
93,44
95,08
96,72
98,36
98,36
98,36
98,36
100
100
